
   0   0   0   0   0   0   0   0   0   0   0   0   0   0   0   0   0   0   0   0   0   0   0   0   0   0   0   0
   0   0   0   0   0   0   0   0   0   0   0   0   0   0   0   0   0   0   0   0   0   0   0   0   0   0   0   0
   0   0   0   0   0   4   4   0   0   0   0   0   0   0   0   0   0   0   0   0   0   0   0   0   0   0   0   0
   0   0   0   0  32 113 113  32   0   0   0   0   0   0   0   0   0   0   0   0   0   0   0   0   0   0   0   0
   0   0   0   4 115 241 241 113   4   0   0   0   0   0   0   0   0   0   0   0   0   0   0   0   0   0   0   0
   0   0   0  22 172 250 247 127   4   0   0   0   0   0   0   0   0   0   0   0   0   0   0   0   0   0   0   0
   0   0   2  82 229 192 170 107   3   0   0   3  16  25  36  20   1   0   0   0   0   0   0   0   0   0   0   0
   0   0   9 139 245 130  25  18   0   1  22  83 159 184 214 158  36   3   0   0   0   0   0   0   0   0   0   0
   0   0  32 204 249 127   4   0   1  47 159 232 250 249 252 245 175  78   7   0   0   0   0   0   0   0   0   0
   0   0  37 217 250 127   4   0  23 206 247 247 208 142 173 232 250 206  46   0   0   0   0   0   0   0   0   0
   0   0  37 217 250 127   5  32 131 250 232 159  47  10  23 100 234 245 127   0   0   0   0   0   0   0   0   0
   0   0  37 217 250 127  15 127 242 218  95  22   1   0   0  34 204 253 203   4   0   0   0   0   0   0   0   0
   0   0  37 217 250 134  95 220 233  79   8   0   0   0   0   8 127 245 222   9   0   0   0   0   0   0   0   0
   0   0  37 217 250 173 211 250 171   4   0   0   0   0   0   0  51 222 245  34   0   0   0   0   0   0   0   0
   0   0  37 217 254 253 251 175  34   0   0   0   0   0   0   0  21 172 251 115   4   0   0   0   0   0   0   0
   0   0  51 222 254 254 232  83   3   0   0   0   0   0   0   0   5 127 249 172  21   0   0   0   0   0   0   0
   0   4 114 245 255 251 171  22   0   0   0   0   0   0   0   0   2  82 232 220  50   0   0   0   1   0   0   0
   0   4 125 249 254 234  85   3   0   0   0   0   0   0   0   0   0  22 170 245 128  10   0   4  47  18   0   0
   0   3  95 238 254 233  82   2   0   0   0   0   0   0   0   0   0   2  67 233 220  96  41  84 160  65   1   0
   0   3 104 241 254 233  80   2   0   0   0   0   0   0   0   0   0   0   4 159 246 234 218 230 172  32   0   0
   0   3  95 238 254 204  34   0   0   0   0   0   0   0   0   0   0   0   0  47 206 249 249 218  79   3   0   0
   0   4 125 249 251 140   9   0   0   0   0   0   0   0   0   0   0   0   0   7  77 125 125  77   8   0   0   0
   0   4 127 250 249 125   4   0   0   0   0   0   0   0   0   0   0   0   0   0   2   4   4   2   0   0   0   0
   0   4 114 245 233  82   2   0   0   0   0   0   0   0   0   0   0   0   0   0   0   0   0   0   0   0   0   0
   0   0  45 189 185  33   0   0   0   0   0   0   0   0   0   0   0   0   0   0   0   0   0   0   0   0   0   0
   0   0   5  32  32   5   0   0   0   0   0   0   0   0   0   0   0   0   0   0   0   0   0   0   0   0   0   0
   0   0   0   0   0   0   0   0   0   0   0   0   0   0   0   0   0   0   0   0   0   0   0   0   0   0   0   0
   0   0   0   0   0   0   0   0   0   0   0   0   0   0   0   0   0   0   0   0   0   0   0   0   0   0   0   0